0 3722.22216796875
1 3722.22216796875
2 3722.22216796875
3 3722.22216796875
4 3722.22216796875
5 3722.22216796875
6 3722.22216796875
7 3485.470458984375
8 3485.470458984375
9 3485.470458984375
10 4153.08203125
11 4153.08203125
12 4153.08203125
13 4153.08203125
14 4153.08203125
15 4153.08203125
16 4153.08203125
17 3483.579833984375
18 3483.579833984375
19 3483.579833984375
20 3973.007568359375
21 3973.007568359375
22 3973.007568359375
23 3973.007568359375
24 3973.007568359375
25 3973.007568359375
26 3973.007568359375
27 3812.84716796875
28 3812.84716796875
29 3812.84716796875
30 4346.9599609375
31 4346.9599609375
32 4346.9599609375
33 4346.9599609375
34 4346.9599609375
35 4346.9599609375
36 4346.9599609375
37 3525.655029296875
38 3525.655029296875
39 3525.655029296875
40 3929.012939453125
41 3929.012939453125
42 3929.012939453125
43 3929.012939453125
44 3929.012939453125
45 3929.012939453125
46 3929.012939453125
47 3713.509033203125
48 3713.509033203125
49 3713.509033203125
50 3978.993408203125
51 3978.993408203125
52 3978.993408203125
53 3978.993408203125
54 3978.993408203125
55 3978.993408203125
56 3978.993408203125
57 3781.154052734375
58 3781.154052734375
59 3781.154052734375
60 3908.342529296875
61 3908.342529296875
62 3908.342529296875
63 3908.342529296875
64 3908.342529296875
65 3908.342529296875
66 3908.342529296875
67 4120.7060546875
68 4120.7060546875
69 4120.7060546875
70 4017.05322265625
71 4017.05322265625
72 4017.05322265625
73 4017.05322265625
74 4017.05322265625
75 4017.05322265625
76 4017.05322265625
77 4382.31201171875
78 4382.31201171875
79 4382.31201171875
80 4129.80712890625
81 4129.80712890625
82 4129.80712890625
83 4129.80712890625
84 4129.80712890625
85 4129.80712890625
86 4129.80712890625
87 4348.3662109375
88 4348.3662109375
89 4348.3662109375
90 4201.6875
91 4201.6875
92 4201.6875
93 4201.6875
94 4201.6875
95 4201.6875
96 4201.6875
97 4254.7744140625
98 4254.7744140625
99 4254.7744140625
100 4282.66796875
101 4282.66796875
102 4282.66796875
103 4282.66796875
104 4282.66796875
105 4282.66796875
106 4282.66796875
107 4693.7080078125
108 4693.7080078125
109 4693.7080078125
110 4565.484375
111 4565.484375
112 4565.484375
113 4565.484375
114 4565.484375
115 4565.484375
116 4565.484375
117 5112.64990234375
118 5112.64990234375
119 5112.64990234375
120 4882.92431640625
121 4882.92431640625
122 4882.92431640625
123 4882.92431640625
124 4882.92431640625
125 4882.92431640625
126 4882.92431640625
127 5109.1494140625
128 5109.1494140625
129 5109.1494140625
130 5099.01123046875
131 5099.01123046875
132 5099.01123046875
133 5099.01123046875
134 5099.01123046875
135 5099.01123046875
136 5099.01123046875
137 5216.9287109375
138 5216.9287109375
139 5216.9287109375
140 5144.5361328125
141 5144.5361328125
142 5144.5361328125
143 5144.5361328125
144 5144.5361328125
145 5144.5361328125
146 5144.5361328125
147 5444.01025390625
148 5444.01025390625
149 5444.01025390625
150 5531.85009765625
151 5531.85009765625
152 5531.85009765625
153 5531.85009765625
154 5531.85009765625
155 5531.85009765625
156 5531.85009765625
157 5818.4892578125
158 5818.4892578125
159 5818.4892578125
160 5934.8916015625
161 5934.8916015625
162 5934.8916015625
163 5934.8916015625
164 5934.8916015625
165 5934.8916015625
166 5934.8916015625
167 7118.486328125
168 7118.486328125
169 7118.486328125
170 7572.21533203125
171 7572.21533203125
172 7572.21533203125
173 7572.21533203125
174 7572.21533203125
175 7572.21533203125
176 7572.21533203125
177 6773.3828125
178 6773.3828125
179 6773.3828125
180 6676.96044921875
181 6676.96044921875
182 6676.96044921875
183 6676.96044921875
184 6676.96044921875
185 6676.96044921875
186 6676.96044921875
187 6765.91064453125
188 6765.91064453125
189 6765.91064453125
190 7577.80078125
191 7577.80078125
192 7577.80078125
193 7577.80078125
194 7577.80078125
195 7577.80078125
196 7577.80078125
197 8384.46875
198 8384.46875
199 8384.46875
200 8312.1015625
201 8312.1015625
202 8312.1015625
203 8312.1015625
204 8312.1015625
205 8312.1015625
206 8312.1015625
207 8025.5625
208 8025.5625
209 8025.5625
210 7920.48974609375
211 7920.48974609375
212 7920.48974609375
213 7920.48974609375
214 7920.48974609375
215 7920.48974609375
216 7920.48974609375
217 7258.32177734375
218 7258.32177734375
219 7258.32177734375
220 7235.13037109375
221 7235.13037109375
222 7235.13037109375
223 7235.13037109375
224 7235.13037109375
225 7235.13037109375
226 7235.13037109375
227 6588.546875
228 6588.546875
229 6588.546875
230 6492.1005859375
231 6492.1005859375
232 6492.1005859375
233 6492.1005859375
234 6492.1005859375
235 6492.1005859375
236 6492.1005859375
237 6486.78173828125
238 6486.78173828125
239 6486.78173828125
240 6545.14990234375
241 6545.14990234375
242 6545.14990234375
243 6545.14990234375
244 6545.14990234375
245 6545.14990234375
246 6545.14990234375
247 6789.05029296875
248 6789.05029296875
249 6789.05029296875
250 6401.130859375
251 6401.130859375
252 6401.130859375
253 6401.130859375
254 6401.130859375
255 6401.130859375
256 6401.130859375
257 6424.9833984375
258 6424.9833984375
259 6424.9833984375
260 6444.97802734375
261 6444.97802734375
262 6444.97802734375
263 6444.97802734375
264 6444.97802734375
265 6444.97802734375
266 6444.97802734375
267 6349.1953125
268 6349.1953125
269 6349.1953125
270 6234.607421875
271 6234.607421875
272 6234.607421875
273 6234.607421875
274 6234.607421875
275 6234.607421875
276 6234.607421875
277 6240.84130859375
278 6240.84130859375
279 6240.84130859375
280 6003.11669921875
281 6003.11669921875
282 6003.11669921875
283 6003.11669921875
284 6003.11669921875
285 6003.11669921875
286 6003.11669921875
287 6130.8037109375
288 6130.8037109375
289 6130.8037109375
290 5880.50634765625
291 5880.50634765625
292 5880.50634765625
293 5880.50634765625
294 5880.50634765625
295 5880.50634765625
296 5880.50634765625
297 6003.1025390625
298 6003.1025390625
299 6003.1025390625
300 5991.17236328125
301 5991.17236328125
302 5991.17236328125
303 5991.17236328125
304 5991.17236328125
305 5991.17236328125
306 5991.17236328125
307 6115.5556640625
308 6115.5556640625
309 6115.5556640625
310 6253.07275390625
311 6253.07275390625
312 6253.07275390625
313 6253.07275390625
314 6253.07275390625
315 6253.07275390625
316 6253.07275390625
317 5814.26123046875
318 5814.26123046875
319 5814.26123046875
320 5611.3447265625
321 5611.3447265625
322 5611.3447265625
323 5611.3447265625
324 5611.3447265625
325 5611.3447265625
326 5611.3447265625
327 5752.4609375
328 5752.4609375
329 5752.4609375
330 5741.9814453125
331 5741.9814453125
332 5741.9814453125
333 5741.9814453125
334 5741.9814453125
335 5741.9814453125
336 5741.9814453125
337 5948.861328125
338 5948.861328125
339 5948.861328125
340 5836.25927734375
341 5836.25927734375
342 5836.25927734375
343 5836.25927734375
344 5836.25927734375
345 5836.25927734375
346 5836.25927734375
347 5597.18212890625
348 5597.18212890625
349 5597.18212890625
350 5618.5087890625
351 5618.5087890625
352 5618.5087890625
353 5618.5087890625
354 5618.5087890625
355 5618.5087890625
356 5618.5087890625
357 6171.09423828125
358 6171.09423828125
359 6171.09423828125
360 5718.458984375
361 5718.458984375
362 5718.458984375
363 5718.458984375
364 5718.458984375
365 5718.458984375
366 5718.458984375
367 5554.796875
368 5554.796875
369 5554.796875
370 5442.13818359375
371 5442.13818359375
372 5442.13818359375
373 5442.13818359375
374 5442.13818359375
375 5442.13818359375
376 5442.13818359375
377 5364.01171875
378 5364.01171875
379 5364.01171875
380 5260.42431640625
381 5260.42431640625
382 5260.42431640625
383 5260.42431640625
384 5260.42431640625
385 5260.42431640625
386 5260.42431640625
387 5415.7197265625
388 5415.7197265625
389 5415.7197265625
390 5390.8125
391 5390.8125
392 5390.8125
393 5390.8125
394 5390.8125
395 5390.8125
396 5390.8125
397 5225.92041015625
398 5225.92041015625
399 5225.92041015625
